  541    
  827    
  660    
   39    
  229    
  237    
  898    
  101    
  813    
  603    
  335    
  382    
  545    
  657    
  823    
  370    
  101    
  295    
  656    
  634    
  819    
  504    
  760    
  733    
  197    
  357    
  544    
  604    
   90    
  609    
  313    
  421    
  278    
  299    
  362    
  353    
  992    
  850    
  251    
  810    
  959    
  450    
  849    
  419    
  995    
  711    
   17    
  722    
  920    
  905    
  794    
  317    
  145    
  445    
  935    
  784    
  255    
  521    
  490    
  163    
  771    
  914    
  271    
  411    
  370    
   61    
  333    
  269    
  477    
  610    
  650    
  145    
  758    
  524    
  760    
  360    
  456    
  510    
  886    
  356    
  685    
  253    
  868    
  811    
  205    
  707    
  835    
  496    
  484    
   33    
  896    
  745    
  287    
  150    
  884    
  934    
  239    
  145    
  375    
  680    
  873    
  243    
  509    
  302    
  728    
  130    
   60    
  133    
  428    
   24    
  446    
  906    
  950    
  199    
  734    
  635    
  489    
  587    
  512    
  104    
  647    
  605    
  118    
  432    
  887    
  660    
  669    
  762    
  108    
  732    
  877    
  225    
  708    
  989    
  279    
  107    
  775    
  755    
  694    
  156    
  820    
  448    
   25    
  473    
  734    
  940    
  935    
  428    
  760    
  510    
  994    
   93    
  943    
  329    
   50    
  320    
  722    
   18    
  733    
  280    
  450    
  178    
  317    
  744    
  621    
  740    
  855    
  441    
  783    
  525    
  502    
  980    
  891    
  286    
  985    
  362    
  807    
  912    
  405    
  677    
  121    
   34    
  109    
   46    
  793    
  834    
  372    
  744    
  631    
  346    
  541    
  492    
  542    
   75    
  612    
  719    
  158    
  813    
  817    
  899    
  198    
  235    
  125    
  204    
   80    
  295    
  284    
  816    
  947    
  131    
  617    
  663    
  475    
  535    
  542    
   23    
  733    
  684    
  740    
  224    
  485    
  682    
  465    
  294    
  606    
  337    
  154    
  352    
  322    
  189    
  484    
  194    
  188    
   14    
  219    
  224    
  218    
  392    
  616    
  746    
  230    
  291    
  326    
  131    
   61    
   80    
  509    
  475    
  193    
  128    
  381    
  413    
  778    
  514    
  329    
   48    
  856    
  863    
  496    
  377    
  603    
  159    
  283    
  127    
  938    
  189    
  924    
  322    
  943    
  714    
  612    
  962    
  849    
  154    
   49    
  111    
  284    
  716    
  667    
  719    
  543    
  759    
  915    
  482    
  713    
  836    
  921    
  665    
  692    
  772    
  972    
  221    
  272    
  439    
  780    
  225    
  802    
  280    
  406    
  176    
  450    
  656    
  324    
  547    
  415    
  311    
  989    
  156    
  938    
  626    
  823    
  294    
  177    
  287    
  133    
  706    
   34    
  722    
  711    
  529    
  546    
  577    
  881    
  926    
  621    
  294    
  601    
  573    
  978    
  693    
  275    
  137    
  258    
  838    
   59    
  790    
  997    
  582    
  900    
  288    
  480    
  292    
  993    
  636    
  813    
  230    
  450    
  460    
  331    
  844    
  620    
  726    
  126    
  728    
  229    
  164    
  290    
  325    
  342    
  203    
   60    
  767    
  770    
   99    
  165    
   72    
  973    
  104    
  896    
  294    
  414    
  481    
  308    
  624    
  574    
  998    
  403    
  625    
  808    
    5    
  800    
  874    
   27    
  898    
  366    
  233    
  314    
  842    
  704    
  281    
  389    
  545    
  851    
   14    
  623    
  636    
  857    
  682    
  574    
  508    
  574    
  223    
   80    
  710    
  749    
  920    
  904    
   96    
  631    
  599    
  743    
  133    
  559    
  642    
  935    
  539    
  584    
  831    
  211    
  953    
  730    
  483    
  245    
  493    
  671    
  568    
  727    
  663    
  113    
   95    
   74    
  117    
   81    
  407    
  348    
  144    
  915    
  775    
  388    
  458    
  142    
   79    
  338    
  295    
  790    
  713    
  366    
  302    
  603    
  450    
  176    
  902    
  750    
  398    
  490    
  801    
  964    
  937    
  112    
  940    
  668    
  623    
  231    
  694    
  701    
  620    
  603    
  224    
    3    
  867    
  869    
  448    
  247    
  464    
   30    
  154    
  146    
  789    
  474    
  583    
  517    
  154    
  397    
  864    
  712    
  310    
  915    
   25    
  927    
  899    
  796    
  741    
  533    
  470    
  159    
  680    
  784    
  152    
  125    
  779    
  657    
  325    
  576    
  776    
  776    
  705    
  522    
  879    
  712    
  288    
   74    
  203    
  170    
  155    
  840    
  740    
  644    
  623    
  309    
  895    
  196    
  871    
  569    
  461    
  805    
  828    
  263    
  595    
  235    
  883    
  996    
  457    
  674    
  463    
  668    
  609    
  889    
  649    
  450    
  499    
  430    
  475    
  775    
  334    
  642    
  682    
   14    
   63    
   51    
  306    
  448    
  691    
  431    
  265    
  591    
   58    
  540    
  496    
  116    
  943    
  945    
  777    
  769    
  290    
  845    
  860    
  956    
  964    
  631    
  571    
   45    
  144    
  166    
  803    
   40    
  782    
  511    
  680    
  919    
  558    
  619    
  122    
  503    
  373    
  355    
  911    
  382    
  762    
  754    
  890    
  189    
  844    
  602    
  399    
  576    
  696    
  203    
  485    
  485    
  163    
  187    
  309    
  319    
  202    
  560    
  377    
   84    
  261    
  207    
  649    
  874    
  760    
  738    
  711    
   31    
   98    
  344    
  421    
  490    
   97    
  412    
  855    
  753    
  130    
  173    
  741    
  588    
   53    
  429    
  455    
  673    
  238    
  455    
  325    
  631    
  579    
  385    
  466    
   85    
  967    
  792    
  842    
  861    
   88    
  784    
  696    
  434    
  709    
  698    
  526    
  491    
  241    
  799    
  832    
  249    
  657    
  657    
  751    
    2    
  748    
  694    
  332    
  580    
  921    
  171    
  828    
   38    
  244    
  251    
  659    
  401    
  354    
  145    
   53    
  192    
  480    
   68    
  472    
   84    
  707    
  710    
  954    
  871    
  670    
  989    
  139    
  876    
  313    
  211    
  127    
  504    
  385    
  602    
  981    
  653    
  452    
  251    
  521    
  385    
  552    
  220    
  608    
  287    
   33    
  271    
  834    
  450    
  477    
  652    
  525    
  505    
  387    
  288    
  450    
  704    
  875    
  887    
  328    
  249    
  318    
  807    
  794    
  100    
  317    
  268    
   69    
  487    
  368    
  402    
  290    
  552    
  300    
  371    
  590    
  790    
  533    
  997    
  869    
  179    
  470    
  407    
  239    
  390    
  604    
   78    
  513    
  528    
  308    
  113    
  286    
   68    
   29    
   86    
  530    
  533    
  654    
   79    
   79    
   63    
  699    
  970    
  332    
  821    
  653    
  577    
  841    
  717    
  342    
  469    
  190    
  511    
  635    
  443    
  235    
  170    
  404    
  270    
  280    
  226    
  432    
  122    
  903    
  886    
  884    
  139    
  936    
  935    
  879    
  162    
  447    
  283    
  432    
  468    
  642    
  299    
  426    
  428    
   21    
  306    
  824    
  625    
  625    
  618    
    7    
  167    
   60    
  223    
  719    
  895    
  961    
  240    
  240    
  171    
  105    
  807    
  839    
   18    
  883    
  904    
  225    
  523    
  447    
  642    
  319    
  849    
  648    
  482    
  891    
  432    
  295    
  214    
  562    
  784    
  414    
  395    
  790    
  764    
  515    
  857    
  778    
  594    
  274    
  463    
  825    
   42    
  800    
  795    
  879    
  102    
  916    
  165    
  757    
  520    
  682    
  326    
  881    
  776    
  810    
  169    
  132    
  109    
  785    
    2    
  782    
  824    
  425    
  839    
  859    
  545    
  341    
  271    
  958    
  890    
  437    
  267    
  481    
  898    
  363    
  938    
  714    
  821    
  454    
  290    
  257    
  504    
  619    
  502    
  554    
  554    
  576    
  560    
   76    
  366    
  426    
  468    
  547    
  206    
  467    
  621    
  618    
  183    
  582    
  558    
  324    
  939    
  863    
  761    
  414    
  411    
  532    
  299    
  296    
  557    
  489    
  398    
  493    
  832    
  482    
  378    
  463    
  190    
  798    
  855    
  698    
  685    
  920    
  911    
  668    
    8    
  670    
  248    
  434    
  456    
  294    
  533    
  765    
  958    
  910    
  304    
  600    
  411    
  243    
  576    
  613    
   58    
  634    
  589    
  193    
  733    
  155    
  763    
  102    
  207    
  135    
  375    
  329    
  496    
  266    
  295    
   80    
  844    
  772    
  171    
  352    
  788    
  737    
  599    
  545    
  445    
  218    
  234    
   67    
  166    
  442    
  324    
  736    
   49    
  719    
  497    
  664    
  173    
  954    
  764    
  601    
  466    
  969    
  686    
  327    
  596    
  811    
  185    
  216    
  160    
  264    
  227    
  226    
  580    
  586    
   16    
   38    
  760    
  770    
  286    
  582    
  433    
   75    
  102    
   98    
  349    
  627    
  948    
  753    
  776    
   89    
  552    
  131    
  429    
  283    
  731    
  456    
  675    
  547    
  170    
  497    
  475    
  458    
  140    
   38    
  151    
  100    
  811    
  745    
  740    
  424    
  375    
  602    
   33    
  603    
  244    
  247    
  380    
  674    
  656    
   53    
  653    
  736    
  474    
  995    
  264    
  873    
  275    
  188    
  232    
  688    
  713    
   90    
  365    
  345    
  572    
  556    
  310    
  758    
  919    
  942    
  520    
  376    
  876    
  762    
  530    
  480    
  127    
  777    
   38    
  771    
  870    
  615    
  856    
   68    
  827    
  889    
  741    
  858    
  641    
  714    
  381    
  710    
  601    
  610    
   10    
  114    
  848    
  949    
  454    
  188    
  597    
  240    
   22    
  239    
  707    
  649    
  557    
  913    
  362    
  805    
  610    
  331    
  733    
  777    
  879    
  495    
  175    
  678    
  690    
   52    
  245    
  299    
  904    
  867    
  666    
  696    
  380    
  738    
  576    
  898    
  732    
   65    
  635    
  588    
  123    
   65    
  113    
  530    
  154    
  377    
  991    
  557    
  839    
  680    
   57    
  675    
  674    
  547    
  161    
  286    
  453    
  480    
  643    
  630    
   21    
  136    
  833    
  937    
  613    
  668    
  196    
  117    
  884    
  912    
   72    
  929    
  858    
  647    
  543    
  270    
  514    
  455    
  415    
  392    
  760    
  368    
  844    
  514    
  359    
  641    
  636    
   61    
  665    
  494    
  195    
  200    
   42    
  178    
  912    
  891    
  326    
  984    
  678    
  655    
  384    
  828    
  734    
  200    
  434    
  541    
  618    
   49    
  651    
  794    
  454    
  614    
  635    
  533    
  127    
  809    
  922    
  199    
  124    
  951    
  853    
  639    
  704    
  192    
  821    
   14    
  827    
  396    
  409    
  582    
  748    
  876    
  536    
  944    
  807    
  889    
  778    
  752    
   45    
  506    
  239    
  740    
  103    
  656    
  711    
  915    
  381    
  698    
  801    
  404    
  920    
  426    
  345    
  314    
  908    
  639    
  886    
  505    
  564    
  250    
  470    
  207    
  587    
  368    
  721    
  857    
  163    
  813    
  848    
  231    
  564    
  589    
  452    
  120    
  444    
  897    
  659    
  688    
  475    
  430    
   59    
  123    
  267    
  283    
  914    
   31    
  882    
  196    
  412    
  473    
  186    
  749    
  876    
  741    
  916    
  244    
  735    
   79    
  694    
  875    
   44    
  891    
  335    
  592    
  602    
  964    
  864    
  870    
  139    
  161    
  239    
   71    
  899    
  876    
  102    
  645    
  740    
  126    
  692    
  680    
   19    
  315    
  331    
  407    
  335    
  558    
  450    
  500    
   90    
  590    
  444    
  547    
  591    
  457    
  351    
  697    
  680    
  142    
  196    
  671    
  861    
  297    
  351    
  573    
  110    
  244    
  253    
  133    
  801    
  840    
  138    
  786    
  813    
   56    
  143    
  194    
  553    
   40    
  529    
  517    
  698    
  513    
  985    
  297    
  865    
  349    
  458    
  383    
  469    
  281    
  290    
   61    
   47    
   16    
  453    
  324    
  240    
  890    
  141    
  868    
  876    
  231    
  981    
  609    
  510    
  125    
  245    
  171    
   78    
  174    
  797    
  832    
  155    
  648    
  630    
   75    
  356    
  363    
  746    
  699    
  110    
  347    
  704    
  857    
  215    
  665    
  635    
  418    
  546    
  635    
   20    
  164    
  152    
  688    
  602    
  875    
  935    
  163    
  838    
   69    
  795    
  809    
  724    
  709    
  101    
  656    
  541    
  185    
  677    
  543    
  544    
  578    
  560    
   62    
   67    
  303    
  364    
  592    
  736    
  935    
  466    
  301    
  622    
  332    
  704    
  386    
  632    
  405    
  969    
  762    
  778    
  897    
  313    
   60    
  360    
  240    
   83    
  182    
  945    
  812    
  988    
  744    
  808    
  156    
  256    
    9    
  246    
  476    
   84    
  508    
  784    
  275    
  669    
  571    
  704    
  141    
  700    
  677    
  127    
  302    
  747    
  876    
  235    
  698    
  711    
  587    
  321    
  843    
  538    
  209    
  347    
  605    
  348    
  825    
  246    
  571    
  755    
  137    
   92    
  185    
  793    
   90    
  795    
  376    
  935    
  745    
  132    
  812    
  926    
  137    
  762    
  894    
  420    
  822    
  946    
  731    
  582    
  273    
  520    
  461    
  970    
  866    
  895    
   80    
  658    
  481    
  418    
  785    
  598    
  905    
   16    
  604    
  622    
  235    
  192    
  427    
  259    
  312    
   66    
  504    
  789    
  883    
  549    
  243    
  517    
  479    
  507    
  264    
  688    
  302    
  521    
  306    
  413    
  662    
  131    
  277    
  311    
   77    
  535    
  567    
  477    
  175    
  524    
   53    
  741    
  747    
  152    
  517    
  585    
  812    
  434    
  617    
  483    
  635    
  729    
  638    
   99    
  714    
   19    
  168    
  161    
  294    
  390    
  188    
  876    
  893    
   36    
  820    
  784    
  544    
  825    
  115    
  913    
  399    
    5    
  401    
  932    
  314    
  685    
  683    
  654    
  269    
  481    
  467    
  117    
  960    
  570    
  537    
  100    
  894    
  902    
  832    
  852    
  655    
  223    
  579    
  423    
  820    
  664    
  175    
  382    
  226    
  316    
  332    
  349    
  220    
  353    
  745    
  488    
  390    
  403    
  194    
  250    
  234    
  434    
  502    
  777    
  581    
  644    
  351    
  588    
  418    
  410    
  110    
  116    
   22    
  106    
  882    
  838    
  970    
  796    
   18    
  811    
  225    
  700    
  628    
  109    
  610    
  628    
  716    
   72    
  762    
  398    
  595    
  289    
   73    
  833    
  790    
  513    
  657    
  241    
  193    
  993    
  972    
   54    
   67    
   43    
  578    
  728    
  441    
  213    
  311    
  265    
  457    
   43    
  487    
  223    
  489    
  367    
  420    
  628    
  212    
  142    
  770    
  735    
  457    
  203    
  266    
  933    
  345    
  629    
   81    
   25    
   58    
  285    
  365    
  144    
  236    
  219    
  374    
  429    
  561    
  845    
  764    
  345    
  824    
   37    
   12    
   33    
  283    
  457    
  698    
   26    
  658    
  686    
  473    
  497    
  140    
  588    
  591    
    3    
  265    
  644    
  552    
  561    
  547    
  514    
  682    
  573    
  535    
  197    
  333    
  309    
  489    
  566    
  109    
  677    
  531    
  340    
  913    
  889    
  206    
  742    
  461    
  888    
  671    
  569    
  205    
  678    
  537    
  245    
   84    
  506    
  499    
  246    
  197    
  420    
  238    
  571    
  547    
  550    
  424    
  598    
  724    
   38    
  742    
  462    
  283    
  460    
  331    
   43    
  286    
  406    
  515    
  914    
  300    
  559    
  485    
  851    
  360    
  704    
  730    
  808    
  588    
  346    
  718    
  936    
  966    
  487    
  717    
  343    
  109    
  247    
  850    
  702    
  733    
   54    
  625    
  654    
  227    
  221    
   52    
  948    
  111    
  859    
  250    
  528    
  386    
  111    
  316    
  280    
  452    
  634    
  625    
   49    
  320    
  352    
  691    
   89    
  758    
   24    
  584    
  564    
  421    
  120    
  539    
  610    
  605    
  822    
  912    
  497    
  472    
  582    
  727    
  748    
  961    
  954    
  148    
  832    
  399    
  530    
  525    
  668    
  833    
  797    
  693    
  898    
  675    
  596    
  519    
  377    
  551    
  560    
  475    
  195    
  446    
  366    
  972    
  914    
  532    
   75    
  605    
  727    
   58    
  674    
  467    
  841    
  922    
  682    
  777    
  536    
  291    
  372    
   86    
  252    
  976    
  878    
  320    
  536    
  491    
  949    
  973    
  868    
  261    
   42    
  296    
  251    
  555    
  802    
  739    
  581    
  198    
  139    
  479    
  565    
  962    
  756    
  761    
  413    
  118    
  297    
  733    
  163    
  655    
  241    
  916    
  688    
  103    
  987    
  957    
  466    
   40    
  436    
588
272
514
703
871
956
566
 79
541
135
363
493
 81
960
909
194
750
671
431
291
663
662
590
859
651
799
250
654
870
535
777
320
967
722
949
258
607
264
351
320
335
242
 26
 42
 14
174
982
895
161
246
190
318
233
534
592
260
704
 57
149
144
289
233
 93
640
968
960
 79
190
225
641
135
759
451
125
555
219
285
 98
336
916
974
532
990
803
624
512
288
776
185
832
678
595
201
189
 42
214
819
582
307
 59
441
393
237
550
524
986
926
653
755
476
290
703
183
735
908
373
567
746
508
971
857
 20
853
559
433
332
711
713
972
743
277
590
 35
425
413
422
833
755
293
 75
303
934
830
192
126
215
126
905
742
523
808
740
 80
888
763
673
 52
130
130
586
222
427
685
261
809
532
690
301
309
272
 58
150
  9
143
846
696
194
193
148
261
406
206
473
726
847
160
849
799
478
 82
184
228
635
347
321
526
270
482
253
630
456
286
646
375
289
664
382
130
596
611
471
282
219
829
502
649
691
 21
689
249
776
971
 12
296
297
104
257
171
466
173
338
194
741
696
868
  4
865
536
692
592
 72
487
482
265
422
552
334
211
274
 15
 31
 21
461
307
353
 90
354
265
918
889
164
701
503
658
226
533
365
422
713
508
328
877
963
278
624
518
330
689
369
728
493
408
970
289
860
286
447
655
579
679
394
675
336
684
721
587
945
237
281
 60
720
293
694
 57
965
936
878
 72
823
968
896
236
294
351
252
319
418
583
379
574
868
875
844
247
535
105
640
142
900
823
362
291
130
686
800
188
324
338
 23
619
168
505
 30
335
363
248
668
736
800
805
 54
820
 20
820
 27
569
559
360
356
627
932
865
316
756
783
 27
419
364
271
222
609
429
544
139
626
338
739
472
190
202
 42
801
275
927
794
529
744
530
461
946
113
652
754
 56
131
127
404
 25
406
528
531
433
811
642
903
205
286
428
364
169
491
939
879
605
868
860
643
562
561
928
611
373
374
582
422
458
462
603
490
 26
 84
 78
814
852
 39
 43
174
148
305
135
199
223
 47
217
 72
736
769
642
526
181
638
801
545
366
186
290
652
593
888
377
693
889
714
535
178
887
133
983
103
232
235
909
941
909
224
 99
187
347
166
253
531
414
436
822
303
652
772
780
266
327
897
794
554
656
863
644
768
451
366
902
749
759
562
467
580
264
526
278
426
589
 23
873
857
 46
855
816
272
362
416
807
790
912
966
223
754
353
697
541
302
446
745
813
271
769
535
720
987
852
 69
915
185
840
992
725
273
693
532
192
362
301
330
115
321
881
726
930
954
157
376
249
384
573
254
691
818
802
267
 92
126
 59
226
878
940
 30
408
423
251
962
817
609
  7
611
449
982
559
801
889
707
 83
198
185
820
375
871
446
249
510
264
310
340
 15
506
508
457
614
909
 32
761
763
544
639
555
108
458
529
374
620
340
860
793
 70
542
320
245
309
513
632
928
868
 90
302
255
 49
935
118
987
485
497
 57
801
543
480
688
209
542
800
969
342
892
474
707
197
371
425
288
909
930
211
642
718
764
231
593
656
757
555
409
455
121
271
470
241
732
261
594
337
182
478
346
458
483
 52
116
104
639
444
497
  8
896
894
230
710
553
628
532
275
486
257
255
405
223
368
 92
346
397
  8
129
139
619
117
656
 34
651
665
612
974
419
768
 30
762
242
413
200
 65
175
215
484
497
 64
420
525
497
144
391
519
533
537
 26
787
  6
781
498
291
227
937
171
874
925
114
820
 64
952
988
285
829
917
802
226
681
249
116
355
366
531
791
104
993
969
458
446
151
875
580
761
707
586
920
340
357
401
962
139
928
636
696
455
238
265
490
520
118
411
110
116
  8
802
846
750
251
 54
273
507
429
 81
288
239
370
160
833
693
940
869
457
693
288
883
659
665
746
119
104
 57
234
554
437
645
447
321
423
684
303
256
369
510
508
536
463
 37
840
876
698
425
766
456
530
812
832
814
763
349
838
973
501
157
563
173
160
284
981
886
223
 28
855
854
452
 79
380
212
250
270
 31
 38
  7
869
488
517
751
244
960
297
370
 77
171
509
455
771
179
746
203
557
474
 85
418
487
783
167
627
191
856
794
667
707
 38
111
660
576
410
273
148
795
214
871
895
873
 81
 75
502
505
667
434
789
510
502
775
930
723
303
574
832
629
686
131
716
807
284
615
870
169
829
235
788
840
707
307
888
707
371
956
551
973
477
984
427
868
596
405
691
975
834
140
660
 44
642
889
228
852
322
296
137
 69
928
991
131
 11
133
757
177
923
953
684
497
888
118
850
 61
499
460
329
726
596
331
409
196
533
495
708
345
900
699
594
684
455
821
919
979
939
899
305
636
981
639
150
563
613
747
449
824
542
199
707
243
911
849
869
951
273
109
276
274
704
362
777
497
270
714
668
492
953
 65
659
651
529
624
112
385
945
883
 21
886
870
 42
202
234
384
174
533
437
940
829
319
736
729
993
949
610
 24
668
682
224
624
796
114
824
821
738
 13
751
 89
390
356
935
515
922
383
638
290
658
559
439
699
860
736
185
877
820
725
553
428
173
766
760
 62
 24
 55
397
680
339
  7
920
926
533
810
823
185
228
102
227
 20
220
805
681
243
513
609
403
 29
604
610
147
 80
123
767
253
994
771
595
175
414
876
735
747
749
 36
951
923
575
402
953
888
814
441
388
604
625
660
333
780
919
632
 27
630
439
205
431
300
290
 38
749
749
 10
620
323
499
  9
233
245
493
711
534
651
832
262
555
524
978
371
443
654
602
716
243
588
319
648
393
 51
431
116
 99
169
347
718
859
535
487
619
599
248
792
270
256
143
  5
299
296
630
319
850
125
 51
141
357
390
577
295
299
424
283
427
162
466
718
370
240
152
136
989
 20
980
449
396
 52
910
943
903
623
131
542
353
558
282
850
525
515
172
379
308
683
715
903
576
820
536
300
 78
259
744
 47
729
255
822
982
670
803
940
889
540
467
108
266
263
794
489
683
 32
469
498
971
660
909
803
440
625
299
165
211
658
710
681
727
324
969
426
531
143
687
236
904
888
353
917
291
410
515
379
149
442
573
759
983
  6
631
623
240
586
542
568
672
102
946
757
445
931
667
852
258
791
867
506
496
618
189
464
568
975
956
579
876
748
191
754
869
124
627
241
417
 56
379
375
 54
999
996
718
643
134
  9
 90
 94
486
662
831
264
378
321
785
368
959
264
597
496
676
947
556
 61
439
455
 64
487
477
640
118
719
861
768
 95
547
432
256
948
982
173
580
239
390
818
996
617
195
604
647
606
743
798
333
591
327
 34
170
183
574
863
613
950
606
461
209
696
534
283
458
618
643
495
920
658
917
309
 93
191
117
553
703
711
415
256
622
298
581
778
692
652
285
 59
493
488
284
413
626
760
439
705
647
798
939
416
579
250
288
164
145
776
425
960
155
 39
172
979
788
615
703
760
194
913
745
305
502
335
176
927
917
120
200
286
116
528
162
516
753
860
663
933
614
964
224
547
333
794
498
493
400
427
303
256
981
784
739
 79
798
747
422
337
664
928
669
364
606
888
601
731
385
746
 30
774
361
170
387
905
677
918
435
683
504
393
613
977
714
760
910
161
224
139
197
 44
220
970
178
864
201
561
372
981
157
836
762
836
939
369
424
605
 24
 16
 31
971
980
 64
658
742
951
586
 47
539
383
616
574
186
140
 75
303
260
338
395
651
633
676
438
686
375
196
430
161
600
713
462
348
599
655
615
158
330
433
321
718
349
449
 49
314
295
277
130
244
900
800
407
334
558
435
399
674
789
283
177
116
392
250
332
523
798
438
526
569
154
483
365
121
217
365
309
382
480
852
119
323
260
 26
574
595
446
520
206
383
932
902
459
134
487
500
426
202
653
499
939
609
732
317
424
429
 87
217
855
679
146
529
410
497
447
299
580
883
311
312
 40
343
384
202
319
237
681
901
 92
 73
 28
497
591
804
452
 25
431
354
278
201
283
597
455
265
207
298
960
 32
973
151
300
366
302
867
852
499
945
635
495
483
 42
158
482
341
712
 37
720
134
142
232
721
532
360
950
238
837
911
935
346
225
752
609
199
634
554
720
179
902
  5
149
156
 95
236
238
213
599
812
733
 32
711
288
881
756
178
543
486
950
806
305
206
435
349
519
771
695
123
571
673
505
169
646
995
762
677
660
661
 55
364
655
413
714
412
833
719
616
203
447
383
100
322
793
665
435
580
166
801
794
 19
951
127
888
813
380
675
112
196
 89
760
850
876
896
238
784
411
767
855
955
748
616
708
340
804
294
181
165
424
 76
470
926
 66
976
551
468
358
338
710
818
324
917
656
548
 84
524
452
519
861
753
419
434
624
151
579
720
739
 23
259
887
828
488
 40
492
938
327
806
681
933
343
605
553
880
466
471
 29
283
881
837
712
620
732
895
 12
898
509
272
281
215
 92
170
 88
813
766
421
126
367
839
  3
841
112
112
146
565
180
669
843
849
  9
908
317
968
 64
245
266
829
918
258
137
638
597
431
184
604
650
741
430
 23
973
989
461
490
569
116
611
624
376
222
291
615
961
941
480
531
144
633
150
519
863
844
570
 61
110
142
 60
541
542
812
 65
781
421
428
 96
265
461
380
682
861
251
567
726
927
228
323
165
207
548
525
894
328
657
413
 10
403
789
773
669
513
131
407
149
334
467
850
973
256
265
334
291
333
390
692
491
659
823
410
391
250
254
 34
275
463
367
568
191
775
634
322
134
336
952
610
860
562
758
380
424
439
818
634
667
279
  6
649
651
587
788
932
535
513
656
789
772
633
110
100
198
532
337
741
639
566
921
642
350
325
261
105
326
605
526
185
196
334
432
121
800
705
850
 70
900
448
461
 30
308
451
312
695
 25
708
375
423
715
545
 95
588
 43
439
431
847
338
560
402
887
730
344
398
401
308
862
565
651
383
723
549
697
901
434
544
110
820
821
  1
280
350
182
610
 13
594
  3
343
349
973
854
714
551
162
663
 33
446
411
574
482
 94
663
 99
669
155
609
641
851
911
737
973
255
812
  3
697
695
212
294
360
264
164
418
199
186
 54
855
465
906
291
238
138
 49
685
732
428
476
753
216
290
127
175
139
286
827
787
621
729
223
706
316
289
 84
877
864
 69
503
125
408
682
745
 71
335
383
454
 51
657
687
585
165
574
146
588
597
177
480
649
175
960
906
674
882
781
687
503
190
356
257
579
519
427
350
683
741
517
 12
869
881
278
887
712
402
596
505
982
892
175
620
896
874
837
734
708
592
394
219
 32
939
949
794
529
691
544
563
525
674
180
846
905
294
613
416
858
478
615
560
840
328
211
120
 64
558
607
675
735
280
526
 13
525
617
406
841
678
410
339
706
738
931
199
387
435
307
575
827
486
904
795
 60
108
120
307
180
302
980
883
918
810
357
972
800
108
802
 73
139
210
 77
887
930
467
657
966
415
463
276
741
 36
748
826
218
820
131
195
 96
625
879
575
723
711
330
718
956
663
433
408
 97
271
474
324
190
344
373
623
367
870
220
837
674
 23
576
601
234
 33
233
262
265
  4
 22
764
786
512
775
359
274
735
997
104
243
217
521
616
233
372
343
508
586
176
749
839
143
939
 67
437
452
722
249
790
296
 84
220
392
442
363
960
 22
952
 56
211
188
737
311
848
900
127
916
180
854
886
453
656
418
908
723
204
925
977
 97
957
417
722
317
383
226
435
992
695
933
908
 55
444
736
930
474
373
425
623
504
138
870
120
772
817
828
518
897
676
734
135
 75
157
268
262
 14
368
306
581
 24
268
267
426
467
103
789
544
384
 80
264
207
105
894
989
383
327
492
374
 81
374
620
930
741
 79
443
469
873
141
753
500
177
534
898
825
 85
761
578
435
970
986
 83
182
186
 29
153
609
510
805
429
621
 23
716
728
543
480
465
632
483
181
570
140
515
576
 16
595
619
386
332
780
741
396
232
747
679
147
726
679
440
452
 98
669
768
957
846
844
 11
366
268
459
751
815
167
765
834
421
526
326
846
473
972
511
383
937
653
471
137
366
537
778
912
346
640
599
980
163
850
 28
 79
 90
560
914
432
366
539
892
361
576
309
647
483
213
851
 51
847
430
446
250
263
381
145
710
543
378
521
936
906
 71
374
330
889
870
691
583
505
263
846
839
485
551
504
261
519
453
534
612
559
138
490
976
556
610
447
853
 92
109
150
664
167
736
 93
394
322
748
476
810
 37
 99
 71
189
751
917
877
919
 58
501
208
600
369
620
902
130
241
319
126
857
816
518
 38
553
522
787
611
617
631
358
570
375
768
 89
624
687
789
419
486
164
144
242
776
200
763
 97
173
259
934
 51
984
566
930
848
480
493
538
905
543
659
529
507
109
709
656
597
614
953
883
391
242
540
130
960
954
442
212
384
205
421
558
882
847
592
751
818
238
365
318
445
731
485
270
512
411
238
303
358
156
827
635
359
287
288
 23
743
768
810
356
389
 90
500
718
642
750
241
781
423
  7
415
426
697
498
296
698
525
981
779
322
273
 27
284
 88
956
928
402
678
728
185
989
862
714
993
366
131
600
550
470
362
179
514
719
522
 97
782
760
328
 96
247
 38
 78
 78
131
824
920
693
923
901
538
573
626
 96
743
679
107
167
130
257
662
425
796
121
791
927
633
639
253
730
813
197
175
200
 83
487
546
389
299
230
261
423
572
625
369
782
273
588
753
664
545
454
171
681
829
174
769
795
408
439
 31
502
447
278
913
107
972
 19
418
404
165
139
 75
327
168
483
  1
151
155
615
862
871
382
141
511
117
393
346
949
631
567
399
520
181
521
328
658
504
276
391
472
435
160
107
854
912
377
392
 24
311
388
515
858
 42
817
 81
266
277
923
225
772
920
 29
916
388
288
270
841
725
204
127
337
237
834
872
490
 29
281
299
364
484
274
 28
 27
 19
823
411
663
997
790
677
905
428
916
158
844
741
438
677
710
515
728
930
128
386
307
434
194
388
846
781
810
864
733
155
588
350
593
614
516
318
296
 51
313
485
684
212
255
376
525
686
684
 25
818
343
682
180
826
977
871
889
171
515
837
339
714
914
842
417
578
339
654
660
 70
183
 34
217
825
223
698
626
930
408
543
929
383
733
535
661
847
624
632
335
246
147
255
410
255
779
853
303
889
933
181
851
795
312
234
594
755
796
105
783
117
208
126
263
362
109
989
865
431
721
577
431
708
503
344
 44
935
905
298
458
645
627
449
208
505
527
 27
242
190
369
837
 55
890
303
246
 78
113
547
528
510
 49
521
339
920
810
 54
535
483
175
329
309
396
188
474
217
217
155
758
742
 16
204
395
556
466
564
118
979
740
503
642
 63
601
453
749
652
394
304
119
683
664
129
270
763
929
921
716
879
824
305
967
371
215
215
478
489
807
132
721
594
846
141
920
772
762
 22
610
310
599
628
559
736
155
217
 93
860
774
168
968
936
 68
447
192
528
913
676
388
896
828
111
871
898
 47
768
788
 24
 39
701
696
694
457
500
968
880
406
766
685
254
807
934
229
764
 82
791
380
523
564
103
588
540
373
750
421
491
417
662
885
404
890
521
173
607
183
143
251
 89
336
340
870
771
220
351
155
214
737
398
996
636
667
403
128
378
484
314
418
361
340
353
582
539
114
580
435
388
143
782
238
740
202
391
415
108
171
239
727
740
230
703
178
537
201
559
453
623
311
630
323
466
163
990
281
745
193
331
312
360
778
720
442
370
473
742
861
285
 91
 94
149
945
473
994
351
386
114
242
171
152
521
587
284
120
742
758
475
412
113
906
669
974
102
601
681
678
504
335
317
292
509
318
650
820
625
 11
613
486
462
875
372
124
464
569
701
634
526
866
981
888
687
564
392
661
974
950
 25
937
168
529
601
 79
585
623
 53
293
336
550
359
568
612
819
244
516
 10
526
481
222
477
588
598
 67
113
967
993
587
897
988
756
763
 12
181
846
885
229
943
913
244
281
512
556
548
 18
709
109
607
940
263
747
794
973
604
128
543
584
739
974
893
847
333
860
485
369
694
744
692
471
765
541
448
200
407
371
408
834
423
234
130
343
844
 54
867
 16
 27
 23
131
182
185
607
 79
613
171
312
447
766
992
532
282
505
438
792
672
415
313
298
539
574
775
837
210
652
667
224
698
909
983
337
789
402
248
151
563
476
890
413
150
277
773
861
107
872
487
793
208
657
505
917
837
309
699
852
161
913
139
874
126
 17
144
514
417
444
448
351
785
642
125
747
639
219
452
655
712
 99
268
586
770
638
856
280
 93
262
184
175
116
 94
308
380
116
147
967
890
883
594
421
465
141
489
409
614
631
479
182
325
761
642
467
840
121
958
394
 40
362
 87
185
162
150
597
568
182
 45
200
 14
795
798
674
629
 43
381
764
775
727
491
870
 77
648
647
183
 73
193
516
584
562
846
 67
894
646
344
490
560
736
623
698
249
823
789
 86
744
955
988
638
416
845
658
330
690
532
372
961
783
119
232
347
690
429
821
309
188
389
531
573
461
560
552
500
546
793
383
476
991
641
826
321
890
156
875
814
766
620
162
218
565
473
798
896
908
678
387
617
  3
905
909
411
419
747
 61
421
416
684
253
748
346
976
998
124
918
985
239
661
459
 25
192
168
350
867
767
641
816
382
818
 94
781
244
677
824
649
332
349
758
776
227
376
 10
387
738
681
469
308
894
908
430
435
 10
205
873
699
978
974
223
965
 62
987
512
110
422
992
962
120
259
688
715
309
129
267
744
834
275
 92
205
122
734
760
 24
333
277
369
469
437
 68
792
660
946
605
758
269
351
768
751
474
949
771
561
709
668
913
122
808
614
679
227
523
543
 31
863
337
885
781
785
 36
367
927
936
289
 91
256
489
540
321
371
653
810
281
408
454
293
103
254
